"V1" "V2" "V3" "V4" "V5" "V6" "V7" "V8" "V9" "V10" "V11" "V12" "V13" "V14" "V15"
"1" 1 1 1 1 1 1 1 1 0 0 0 0 0 0 0
"2" 1 1 1 1 1 1 1 1 1 1 1 1 1 1 1
"3" 1 1 1 1 1 1 1 1 1 1 1 1 1 1 0
"4" 0 1 1 1 1 0 0 0 0 0 0 0 0 0 0
"5" 0 0 0 0 0 0 0 0 0 0 0 0 0 0 0
"6" 1 1 1 1 0 0 0 0 0 0 0 0 0 0 0
"7" 0 0 0 0 0 0 0 0 0 0 0 0 0 0 0
"8" 0 0 0 0 0 0 0 0 0 0 0 0 0 0 0
"9" 1 1 1 1 1 0 0 0 0 0 0 0 0 0 0
"10" 0 0 0 0 0 0 0 0 0 0 0 0 0 0 0
"11" 0 0 0 0 0 0 0 0 0 0 0 0 0 0 0
"12" 0 0 0 0 0 0 0 0 0 0 0 0 0 0 0
"13" 0 0 0 0 0 0 0 0 0 0 0 0 0 0 0
"14" 0 0 0 0 0 0 0 0 0 0 0 0 0 0 0
"15" 0 0 0 0 0 0 0 0 0 0 0 0 0 0 0
"16" 0 0 0 0 0 0 0 0 0 0 0 0 0 0 0
"17" 0 0 0 0 0 0 0 0 0 0 0 0 0 0 0
"18" 1 1 1 1 0 0 0 0 0 0 0 0 0 0 0
"19" 1 1 1 1 1 1 0 0 0 0 0 0 0 0 0
"20" 0 0 0 0 0 0 0 0 0 0 0 0 0 0 0
"21" 1 1 1 1 0 0 0 0 0 0 0 0 0 0 0
"22" 1 1 1 1 1 0 0 0 0 0 0 0 0 0 0
"23" 1 1 1 1 1 1 1 0 0 0 0 0 0 0 0
"24" 1 1 1 1 1 1 0 0 0 0 0 0 0 0 0
"25" 1 1 1 1 0 0 0 0 0 0 0 0 0 0 0
"26" 0 0 0 0 0 0 0 0 0 0 0 0 0 0 0
"27" 1 1 1 1 1 1 1 1 1 1 0 0 0 0 0
"28" 1 1 1 1 1 1 1 1 1 1 1 1 1 0 0
"29" 0 0 0 0 0 0 0 0 0 0 0 0 0 0 0
"30" 0 0 0 0 0 0 0 0 0 0 0 0 0 0 0
"31" 0 0 0 0 0 0 0 0 0 0 0 0 0 0 0
"32" 1 1 1 1 0 0 0 0 0 0 0 0 0 0 0
"33" 1 1 1 1 1 1 1 1 1 1 1 1 1 1 1
"34" 1 1 1 1 1 1 1 1 1 1 1 1 1 1 0
"35" 0 0 0 0 0 0 0 0 0 0 0 0 0 0 0
"36" 1 1 1 1 0 0 0 0 0 0 0 0 0 0 0
"37" 1 1 1 1 1 1 0 0 0 0 0 0 0 0 0
"38" 0 0 0 0 0 0 0 0 0 0 0 0 0 0 0
"39" 1 1 1 1 0 0 0 0 0 0 0 0 0 0 0
"40" 1 1 1 1 0 0 0 0 0 0 0 0 0 0 0
"41" 0 0 0 0 0 0 0 0 0 0 0 0 0 0 0
"42" 0 1 1 1 1 1 0 0 0 0 0 0 0 0 0
"43" 0 0 0 0 0 0 0 0 0 0 0 0 0 0 0
"44" 0 0 0 0 0 0 0 0 0 0 0 0 0 0 0
"45" 0 0 0 0 0 0 0 0 0 0 0 0 0 0 0
"46" 0 0 0 0 0 0 0 0 0 0 0 0 0 0 0
"47" 0 0 0 0 0 0 0 0 0 0 0 0 0 0 0
"48" 0 0 0 0 0 0 0 0 0 0 0 0 0 0 0
"49" 1 1 1 1 1 1 1 1 1 0 0 0 0 0 0
"50" 1 1 1 1 1 0 0 0 0 0 0 0 0 0 0
"51" 1 1 1 1 1 1 0 0 0 0 0 0 0 0 0
"52" 0 0 0 0 0 0 0 0 0 0 0 0 0 0 0
"53" 1 1 1 1 0 0 0 0 0 0 0 0 0 0 0
"54" 0 0 0 0 0 0 0 0 0 0 0 0 0 0 0
"55" 1 1 1 1 1 1 1 1 1 1 1 1 0 0 0
"56" 1 1 1 1 1 1 1 0 0 0 0 0 0 0 0
"57" 0 0 0 0 0 0 0 0 0 0 0 0 0 0 0
"58" 0 0 0 0 0 0 0 0 0 0 0 0 0 0 0
"59" 0 0 0 0 0 0 0 0 0 0 0 0 0 0 0
"60" 1 1 1 1 1 1 1 0 0 0 0 0 0 0 0
"61" 1 1 1 1 1 1 0 0 0 0 0 0 0 0 0
"62" 0 0 0 0 0 0 0 0 0 0 0 0 0 0 0
"63" 0 0 0 0 0 0 0 0 0 0 0 0 0 0 0
"64" 0 0 0 0 0 0 0 0 0 0 0 0 0 0 0
"65" 1 1 1 1 1 1 0 0 0 0 0 0 0 0 0
"66" 1 1 1 1 1 1 1 1 1 1 1 1 1 0 0
"67" 1 1 1 1 1 0 0 0 0 0 0 0 0 0 0
"68" 1 1 1 1 0 0 0 0 0 0 0 0 0 0 0
"69" 1 1 1 1 1 1 0 0 0 0 0 0 0 0 0
"70" 1 1 1 1 1 0 0 0 0 0 0 0 0 0 0
"71" 0 0 0 0 0 0 0 0 0 0 0 0 0 0 0
"72" 1 1 1 1 1 1 1 0 0 0 0 0 0 0 0
"73" 1 1 1 1 1 1 1 0 0 0 0 0 0 0 0
"74" 0 0 0 0 0 0 0 0 0 0 0 0 0 0 0
"75" 0 0 0 0 0 0 0 0 0 0 0 0 0 0 0
"76" 1 1 1 1 0 0 0 0 0 0 0 0 0 0 0
"77" 1 1 1 1 1 1 1 1 0 0 0 0 0 0 0
"78" 0 0 0 0 0 0 0 0 0 0 0 0 0 0 0
"79" 0 0 0 0 0 0 0 0 0 0 0 0 0 0 0
"80" 0 0 0 0 0 0 0 0 0 0 0 0 0 0 0
"81" 1 1 1 1 1 1 1 1 1 1 1 1 1 0 0
"82" 0 0 0 0 0 0 0 0 0 0 0 0 0 0 0
"83" 0 0 0 0 0 0 0 0 0 0 0 0 0 0 0
"84" 1 1 1 1 1 1 1 1 1 0 0 0 0 0 0
"85" 1 1 1 1 1 1 0 0 0 0 0 0 0 0 0
"86" 1 1 1 1 1 1 1 0 0 0 0 0 0 0 0
"87" 0 0 0 0 0 0 0 0 0 0 0 0 0 0 0
"88" 0 1 1 1 1 1 1 1 1 1 1 0 0 0 0
"89" 1 1 1 1 1 1 0 0 0 0 0 0 0 0 0
"90" 1 1 1 1 1 0 0 0 0 0 0 0 0 0 0
"91" 0 0 0 0 0 0 0 0 0 0 0 0 0 0 0
"92" 0 0 0 0 0 0 0 0 0 0 0 0 0 0 0
"93" 0 0 0 0 0 0 0 0 0 0 0 0 0 0 0
"94" 0 0 0 0 0 0 0 0 0 0 0 0 0 0 0
"95" 0 0 0 0 0 0 0 0 0 0 0 0 0 0 0
"96" 0 0 0 0 0 0 0 0 0 0 0 0 0 0 0
"97" 1 1 1 1 1 1 1 1 1 1 1 0 0 0 0
"98" 1 1 1 1 1 1 1 1 1 1 1 0 0 0 0
"99" 1 1 1 1 1 1 1 1 1 1 1 1 1 1 1
"100" 1 1 1 1 1 1 1 0 0 0 0 0 0 0 0
"101" 0 0 0 0 0 0 0 0 0 0 0 0 0 0 0
"102" 0 0 0 0 0 0 0 0 0 0 0 0 0 0 0
"103" 1 1 1 1 1 1 1 1 1 1 1 1 0 0 0
"104" 1 1 1 1 1 1 1 0 0 0 0 0 0 0 0
"105" 0 0 0 0 0 0 0 0 0 0 0 0 0 0 0
"106" 0 0 0 0 0 0 0 0 0 0 0 0 0 0 0
"107" 0 0 0 0 0 0 0 0 0 0 0 0 0 0 0
"108" 1 1 1 1 0 0 0 0 0 0 0 0 0 0 0
"109" 1 1 1 1 1 1 1 0 0 0 0 0 0 0 0
"110" 1 1 1 1 1 0 0 0 0 0 0 0 0 0 0
"111" 1 1 1 1 0 0 0 0 0 0 0 0 0 0 0
"112" 0 0 0 0 0 0 0 0 0 0 0 0 0 0 0
"113" 1 1 1 1 1 1 1 1 1 1 1 1 1 1 1
"114" 1 1 1 1 1 1 1 1 1 1 1 1 1 1 1
"115" 1 1 1 1 1 0 0 0 0 0 0 0 0 0 0
"116" 1 1 1 1 1 1 0 0 0 0 0 0 0 0 0
"117" 0 0 0 0 0 0 0 0 0 0 0 0 0 0 0
"118" 0 0 0 0 0 0 0 0 0 0 0 0 0 0 0
"119" 0 0 0 0 0 0 0 0 0 0 0 0 0 0 0
"120" 0 0 0 0 0 0 0 0 0 0 0 0 0 0 0
"121" 1 1 1 1 0 0 0 0 0 0 0 0 0 0 0
"122" 0 0 0 0 0 0 0 0 0 0 0 0 0 0 0
"123" 0 0 0 0 0 0 0 0 0 0 0 0 0 0 0
"124" 0 0 0 0 0 0 0 0 0 0 0 0 0 0 0
"125" 0 0 0 0 0 0 0 0 0 0 0 0 0 0 0
"126" 0 0 0 0 0 0 0 0 0 0 0 0 0 0 0
"127" 0 0 0 0 0 0 0 0 0 0 0 0 0 0 0
"128" 0 0 0 0 0 0 0 0 0 0 0 0 0 0 0
"129" 1 1 1 1 1 1 1 1 1 1 1 1 1 1 1
"130" 1 1 1 1 1 1 1 1 1 1 1 1 1 1 1
"131" 1 1 1 1 1 1 1 1 1 1 1 1 1 1 1
"132" 1 1 1 1 1 1 1 1 1 1 1 1 1 1 1
"133" 1 1 1 1 1 1 1 1 1 1 1 1 1 0 0
"134" 0 0 0 0 0 0 0 0 0 0 0 0 0 0 0
"135" 0 0 0 0 0 0 0 0 0 0 0 0 0 0 0
"136" 0 1 1 1 1 1 0 0 0 0 0 0 0 0 0
"137" 1 1 1 1 1 1 1 1 1 1 1 1 1 1 1
"138" 1 1 1 1 1 1 0 0 0 0 0 0 0 0 0
"139" 1 1 1 1 1 1 1 0 0 0 0 0 0 0 0
"140" 1 1 1 1 1 1 1 1 1 1 1 1 1 1 0
"141" 1 1 1 1 0 0 0 0 0 0 0 0 0 0 0
"142" 0 0 0 0 0 0 0 0 0 0 0 0 0 0 0
"143" 1 1 1 1 1 1 1 1 1 1 1 1 1 0 0
"144" 1 1 1 1 1 1 1 1 0 0 0 0 0 0 0
"145" 0 0 0 0 0 0 0 0 0 0 0 0 0 0 0
"146" 0 0 0 0 0 0 0 0 0 0 0 0 0 0 0
"147" 0 0 0 0 0 0 0 0 0 0 0 0 0 0 0
"148" 1 1 1 1 1 1 0 0 0 0 0 0 0 0 0
"149" 1 1 1 1 1 1 1 0 0 0 0 0 0 0 0
"150" 1 1 1 1 1 1 1 1 1 1 1 1 0 0 0
"151" 1 1 1 1 1 1 0 0 0 0 0 0 0 0 0
"152" 0 0 0 0 0 0 0 0 0 0 0 0 0 0 0
"153" 1 1 1 1 1 1 0 0 0 0 0 0 0 0 0
"154" 1 1 1 1 1 1 1 1 1 1 1 0 0 0 0
"155" 1 1 1 1 1 0 0 0 0 0 0 0 0 0 0
"156" 1 1 1 1 1 1 1 1 1 1 1 1 1 1 1
"157" 1 1 1 1 1 1 0 0 0 0 0 0 0 0 0
"158" 0 0 0 0 0 0 0 0 0 0 0 0 0 0 0
"159" 0 1 1 1 1 0 0 0 0 0 0 0 0 0 0
"160" 0 0 0 0 0 0 0 0 0 0 0 0 0 0 0
"161" 1 1 1 1 1 1 1 1 1 1 1 1 1 1 1
"162" 1 1 1 1 1 1 1 1 1 0 0 0 0 0 0
"163" 0 0 0 0 0 0 0 0 0 0 0 0 0 0 0
"164" 0 0 0 0 0 0 0 0 0 0 0 0 0 0 0
"165" 1 1 1 1 1 1 1 1 0 0 0 0 0 0 0
"166" 1 1 1 1 1 1 0 0 0 0 0 0 0 0 0
"167" 1 1 1 1 1 1 1 1 1 1 1 0 0 0 0
"168" 1 1 1 1 1 1 1 1 1 1 1 1 1 1 1
"169" 1 1 1 1 1 1 1 1 0 0 0 0 0 0 0
"170" 0 0 0 0 0 0 0 0 0 0 0 0 0 0 0
"171" 1 1 1 1 1 1 0 0 0 0 0 0 0 0 0
"172" 0 0 0 0 0 0 0 0 0 0 0 0 0 0 0
"173" 0 0 0 0 0 0 0 0 0 0 0 0 0 0 0
"174" 0 0 0 0 0 0 0 0 0 0 0 0 0 0 0
"175" 0 0 0 0 0 0 0 0 0 0 0 0 0 0 0
"176" 0 0 0 0 0 0 0 0 0 0 0 0 0 0 0
"177" 1 1 1 1 1 1 1 1 1 1 1 1 0 0 0
"178" 1 1 1 1 1 1 1 1 1 1 0 0 0 0 0
"179" 0 0 0 0 0 0 0 0 0 0 0 0 0 0 0
"180" 0 0 0 0 0 0 0 0 0 0 0 0 0 0 0
"181" 0 0 0 0 0 0 0 0 0 0 0 0 0 0 0
"182" 0 0 0 0 0 0 0 0 0 0 0 0 0 0 0
"183" 0 0 0 0 0 0 0 0 0 0 0 0 0 0 0
"184" 0 0 0 0 0 0 0 0 0 0 0 0 0 0 0
"185" 0 0 0 0 1 1 1 1 1 1 1 1 0 0 0
"186" 0 0 0 0 0 0 0 0 0 0 0 0 0 0 0
"187" 0 0 0 0 0 0 0 0 0 0 0 0 0 0 0
"188" 0 0 0 0 0 0 0 0 0 0 0 0 0 0 0
"189" 0 0 0 0 0 0 0 0 0 0 0 0 0 0 0
"190" 0 0 0 0 0 0 0 0 0 0 0 0 0 0 0
"191" 0 0 0 0 0 0 0 0 0 0 0 0 0 0 0
"192" 0 0 0 0 0 0 0 0 0 0 0 0 0 0 0
"193" 1 1 1 1 1 0 0 0 0 0 0 0 0 0 0
"194" 1 1 1 1 1 1 1 1 1 0 0 0 0 0 0
"195" 1 1 1 1 1 1 1 0 0 0 0 0 0 0 0
"196" 1 1 1 1 1 1 1 1 1 1 1 1 1 1 1
"197" 1 1 1 1 1 1 1 1 1 1 1 1 1 1 0
"198" 1 1 1 1 0 0 0 0 0 0 0 0 0 0 0
"199" 1 1 1 1 1 0 0 0 0 0 0 0 0 0 0
"200" 1 1 1 1 1 1 0 0 0 0 0 0 0 0 0
"201" 0 0 0 0 0 0 0 0 0 0 0 0 0 0 0
"202" 0 0 0 0 0 0 0 0 0 0 0 0 0 0 0
"203" 0 0 0 0 0 0 0 0 0 0 0 0 0 0 0
"204" 1 1 1 1 1 1 1 0 0 0 0 0 0 0 0
"205" 1 1 1 1 1 1 1 1 1 1 1 0 0 0 0
"206" 0 0 0 0 0 0 0 0 0 0 0 0 0 0 0
"207" 0 0 0 0 0 0 0 0 0 0 0 0 0 0 0
"208" 0 0 0 0 0 0 0 0 0 0 0 0 0 0 0
"209" 1 1 1 1 1 1 1 1 1 1 1 1 1 1 1
"210" 1 1 1 1 1 1 1 1 1 1 1 1 1 1 1
"211" 1 1 1 1 1 1 1 1 1 1 1 1 1 1 1
"212" 0 0 0 0 0 0 0 0 0 0 0 0 0 0 0
"213" 1 1 1 1 1 1 1 1 1 1 1 1 1 1 0
"214" 1 1 1 1 1 0 0 0 0 0 0 0 0 0 0
"215" 0 0 0 0 0 0 0 0 0 0 0 0 0 0 0
"216" 0 0 0 0 0 0 0 0 0 0 0 0 0 0 0
"217" 0 0 0 0 0 0 0 0 0 0 0 0 0 0 0
"218" 1 1 1 1 0 0 0 0 0 0 0 0 0 0 0
"219" 0 0 0 0 0 0 0 0 0 0 0 0 0 0 0
"220" 0 0 0 0 0 0 0 0 0 0 0 0 0 0 0
"221" 0 0 0 0 0 0 0 0 0 0 0 0 0 0 0
"222" 0 0 0 0 0 0 0 0 0 0 0 0 0 0 0
"223" 1 1 1 1 0 0 0 0 0 0 0 0 0 0 0
"224" 0 0 0 0 0 0 0 0 0 0 0 0 0 0 0
"225" 1 1 1 1 1 1 1 1 1 1 1 1 1 1 0
"226" 1 1 1 1 1 1 1 1 0 0 0 0 0 0 0
"227" 0 0 0 0 0 0 0 0 0 0 0 0 0 0 0
"228" 1 1 1 1 1 1 1 0 0 0 0 0 0 0 0
"229" 1 1 1 1 1 1 0 0 0 0 0 0 0 0 0
"230" 0 0 0 0 0 0 0 0 0 0 0 0 0 0 0
"231" 0 0 0 0 0 0 0 0 0 0 0 0 0 0 0
"232" 0 0 0 0 0 0 0 0 0 0 0 0 0 0 0
"233" 0 0 0 0 0 0 0 0 0 0 0 0 0 0 0
"234" 0 0 0 0 0 0 0 0 0 0 0 0 0 0 0
"235" 0 0 0 0 0 0 0 0 0 0 0 0 0 0 0
"236" 0 0 0 0 0 0 0 0 0 0 0 0 0 0 0
"237" 0 0 0 0 0 0 0 0 0 0 0 0 0 0 0
"238" 0 0 0 0 0 0 0 0 0 0 0 0 0 0 0
"239" 0 0 0 0 0 0 0 0 0 0 0 0 0 0 0
"240" 0 0 0 0 0 0 0 0 0 0 0 0 0 0 0
"241" 1 1 1 1 1 1 1 1 1 1 1 1 1 0 0
"242" 1 1 1 1 1 1 1 1 1 1 1 1 1 1 1
"243" 1 1 1 1 1 1 1 1 1 1 1 1 0 0 0
"244" 0 0 0 0 0 0 0 0 0 0 0 0 0 0 0
"245" 0 0 0 0 0 0 0 0 0 0 0 0 0 0 0
"246" 1 1 1 1 1 1 1 1 0 0 0 0 0 0 0
"247" 0 0 0 0 0 0 0 0 0 0 0 0 0 0 0
"248" 1 1 1 1 1 0 0 0 0 0 0 0 0 0 0
"249" 1 1 1 1 1 1 1 1 1 1 0 0 0 0 0
"250" 0 0 0 0 0 0 0 0 0 0 0 0 0 0 0
"251" 0 0 0 0 0 0 0 0 0 0 0 0 0 0 0
"252" 0 0 0 0 0 0 0 0 0 0 0 0 0 0 0
"253" 0 0 0 0 0 0 0 0 0 0 0 0 0 0 0
"254" 0 0 0 0 0 0 0 0 0 0 0 0 0 0 0
"255" 0 0 0 0 0 0 0 0 0 0 0 0 0 0 0
"256" 0 0 0 0 0 0 0 0 0 0 0 0 0 0 0
"257" 0 0 0 0 0 0 0 0 0 0 0 0 0 0 0
"258" 0 0 0 0 0 0 0 0 0 0 0 0 0 0 0
"259" 0 0 0 0 0 0 0 0 0 0 0 0 0 0 0
"260" 0 0 0 0 0 0 0 0 0 0 0 0 0 0 0
"261" 0 0 0 0 0 0 0 0 0 0 0 0 0 0 0
"262" 0 0 0 0 0 0 0 0 0 0 0 0 0 0 0
"263" 0 0 0 0 0 0 0 0 0 0 0 0 0 0 0
"264" 0 0 0 0 0 0 0 0 0 0 0 0 0 0 0
"265" 0 0 0 0 0 0 0 0 0 0 0 0 0 0 0
"266" 0 1 1 1 1 1 0 0 0 0 0 0 0 0 0
"267" 1 1 1 1 1 1 1 1 1 1 1 0 0 0 0
"268" 1 1 1 1 0 0 0 0 0 0 0 0 0 0 0
"269" 0 0 0 0 0 0 0 0 0 0 0 0 0 0 0
"270" 0 0 0 0 0 0 0 0 0 0 0 0 0 0 0
"271" 0 0 0 0 0 0 0 0 0 0 0 0 0 0 0
"272" 0 0 0 0 0 0 0 0 0 0 0 0 0 0 0
"273" 1 1 1 1 1 1 1 1 1 1 1 1 1 1 1
"274" 1 1 1 1 1 1 1 1 1 1 1 1 0 0 0
"275" 0 0 0 0 0 0 0 0 0 0 0 0 0 0 0
"276" 1 1 1 1 0 0 0 0 0 0 0 0 0 0 0
"277" 0 0 0 0 0 0 0 0 0 0 0 0 0 0 0
"278" 0 0 0 0 0 0 0 0 0 0 0 0 0 0 0
"279" 0 0 0 0 0 0 0 0 0 0 0 0 0 0 0
"280" 0 0 0 0 0 0 0 0 0 0 0 0 0 0 0
"281" 0 0 0 0 0 0 0 0 0 0 0 0 0 0 0
"282" 0 0 0 0 0 0 0 0 0 0 0 0 0 0 0
"283" 0 0 0 0 0 0 0 0 0 0 0 0 0 0 0
"284" 0 0 0 0 0 0 0 0 0 0 0 0 0 0 0
"285" 0 0 0 0 0 0 0 0 0 0 0 0 0 0 0
"286" 0 0 0 0 0 0 0 0 0 0 0 0 0 0 0
"287" 0 0 0 0 0 0 0 0 0 0 0 0 0 0 0
"288" 1 1 1 1 0 0 0 0 0 0 0 0 0 0 0
"289" 1 1 1 1 1 1 1 1 1 1 1 1 1 1 1
"290" 1 1 1 1 1 1 1 1 1 1 1 1 0 0 0
"291" 0 0 0 0 0 0 0 0 0 0 0 0 0 0 0
"292" 0 0 0 0 0 0 0 0 0 0 0 0 0 0 0
"293" 0 0 0 0 0 0 0 0 0 0 0 0 0 0 0
"294" 0 0 0 0 0 0 0 0 0 0 0 0 0 0 0
"295" 0 0 0 0 0 0 0 0 0 0 0 0 0 0 0
"296" 0 0 0 0 0 0 0 0 0 0 0 0 0 0 0
"297" 0 0 0 0 0 0 0 0 0 0 0 0 0 0 0
"298" 0 0 0 0 0 0 0 0 0 0 0 0 0 0 0
"299" 0 0 0 0 0 0 0 0 0 0 0 0 0 0 0
"300" 0 0 0 0 0 0 0 0 0 0 0 0 0 0 0
"301" 0 0 0 0 0 0 0 0 0 0 0 0 0 0 0
"302" 0 0 0 0 0 0 0 0 0 0 0 0 0 0 0
"303" 0 0 0 0 0 0 0 0 0 0 0 0 0 0 0
"304" 0 0 0 0 0 0 0 0 0 0 0 0 0 0 0
"305" 1 1 1 1 1 1 1 1 1 1 1 1 1 1 0
"306" 1 1 1 1 0 0 0 0 0 0 0 0 0 0 0
"307" 1 1 1 1 0 0 0 0 0 0 0 0 0 0 0
"308" 1 1 1 1 1 1 0 0 0 0 0 0 0 0 0
"309" 1 1 1 1 0 0 0 0 0 0 0 0 0 0 0
"310" 0 0 0 0 0 0 0 0 0 0 0 0 0 0 0
"311" 0 0 0 0 0 0 0 0 0 0 0 0 0 0 0
"312" 0 0 0 0 0 0 0 0 0 0 0 0 0 0 0
"313" 0 0 0 0 0 0 0 0 0 0 0 0 0 0 0
"314" 0 0 0 0 0 0 0 0 0 0 0 0 0 0 0
"315" 0 0 0 0 0 0 0 0 0 0 0 0 0 0 0
"316" 0 0 0 0 0 0 0 0 0 0 0 0 0 0 0
"317" 0 0 0 0 0 0 0 0 0 0 0 0 0 0 0
"318" 0 0 0 0 0 0 0 0 0 0 0 0 0 0 0
"319" 0 0 0 0 0 0 0 0 0 0 0 0 0 0 0
"320" 0 0 0 0 0 0 0 0 0 0 0 0 0 0 0
"321" 1 1 1 1 1 1 1 1 1 1 1 1 1 1 1
"322" 1 1 1 1 1 1 1 1 1 1 1 1 1 1 1
"323" 1 1 1 1 1 1 1 1 1 1 0 0 0 0 0
"324" 0 0 0 0 0 0 0 0 0 0 0 0 0 0 0
"325" 1 1 1 1 1 1 1 1 1 1 1 1 1 1 1
"326" 1 1 1 1 1 0 0 0 0 0 0 0 0 0 0
"327" 0 0 0 0 0 0 0 0 0 0 0 0 0 0 0
"328" 1 1 1 1 1 1 1 1 0 0 0 0 0 0 0
"329" 0 0 0 0 0 0 0 0 0 0 0 0 0 0 0
"330" 1 1 1 1 1 1 1 0 0 0 0 0 0 0 0
"331" 0 0 0 0 0 0 0 0 0 0 0 0 0 0 0
"332" 0 0 0 0 0 0 0 0 0 0 0 0 0 0 0
"333" 0 0 0 0 0 0 0 0 0 0 0 0 0 0 0
"334" 0 0 0 0 0 0 0 0 0 0 0 0 0 0 0
"335" 0 0 0 0 0 0 0 0 0 0 0 0 0 0 0
"336" 0 0 0 0 0 0 0 0 0 0 0 0 0 0 0
"337" 1 1 1 1 1 1 1 1 1 1 1 1 1 1 1
"338" 1 1 1 1 1 1 1 1 1 1 1 1 1 1 1
"339" 1 1 1 1 1 1 1 1 0 0 0 0 0 0 0
"340" 1 1 1 1 0 0 0 0 0 0 0 0 0 0 0
"341" 0 0 0 0 0 0 0 0 0 0 0 0 0 0 0
"342" 0 1 1 1 1 1 1 1 1 1 1 1 1 1 0
"343" 1 1 1 1 1 1 1 0 0 0 0 0 0 0 0
"344" 0 0 0 0 0 0 0 0 0 0 0 0 0 0 0
"345" 0 0 0 0 0 0 0 0 0 0 0 0 0 0 0
"346" 0 0 0 0 0 0 0 0 0 0 0 0 0 0 0
"347" 0 0 0 0 0 0 0 0 0 0 0 0 0 0 0
"348" 0 0 0 0 0 0 0 0 0 0 0 0 0 0 0
"349" 0 0 0 0 0 0 0 0 0 0 0 0 0 0 0
"350" 0 0 0 0 0 0 0 0 0 0 0 0 0 0 0
"351" 0 0 0 0 0 0 0 0 0 0 0 0 0 0 0
"352" 0 0 0 0 0 0 0 0 0 0 0 0 0 0 0
"353" 1 1 1 1 0 0 0 0 0 0 0 0 0 0 0
"354" 1 1 1 1 1 0 0 0 0 0 0 0 0 0 0
"355" 0 0 0 0 0 0 0 0 0 0 0 0 0 0 0
"356" 1 1 1 1 1 1 0 0 0 0 0 0 0 0 0
"357" 1 1 1 1 1 1 1 1 0 0 0 0 0 0 0
"358" 0 0 1 1 1 1 1 1 1 0 0 0 0 0 0
"359" 0 0 0 0 0 0 0 0 0 0 0 0 0 0 0
"360" 1 1 1 1 1 1 1 0 0 0 0 0 0 0 0
"361" 1 1 1 1 1 0 0 0 0 0 0 0 0 0 0
"362" 1 1 1 1 1 0 0 0 0 0 0 0 0 0 0
"363" 0 0 0 0 0 0 0 0 0 0 0 0 0 0 0
"364" 0 0 0 0 0 0 0 0 0 0 0 0 0 0 0
"365" 0 0 0 0 0 0 0 0 0 0 0 0 0 0 0
"366" 0 0 0 0 0 0 0 0 0 0 0 0 0 0 0
"367" 0 0 0 0 0 0 0 0 0 0 0 0 0 0 0
"368" 0 0 0 0 0 0 0 0 0 0 0 0 0 0 0
"369" 0 1 1 1 1 1 1 1 1 1 1 1 1 1 1
"370" 0 0 0 0 0 0 0 0 0 0 0 0 0 0 0
"371" 0 0 0 0 0 0 0 0 0 0 0 0 0 0 0
"372" 1 1 1 1 1 0 0 0 0 0 0 0 0 0 0
"373" 1 1 1 1 0 0 0 0 0 0 0 0 0 0 0
"374" 1 1 1 1 1 0 0 0 0 0 0 0 0 0 0
"375" 0 0 0 0 0 0 0 0 0 0 0 0 0 0 0
"376" 0 0 0 0 0 0 0 0 0 0 0 0 0 0 0
"377" 0 0 0 0 0 0 0 0 0 0 0 0 0 0 0
"378" 0 0 0 0 0 0 0 0 0 0 0 0 0 0 0
"379" 0 0 0 0 0 0 0 0 0 0 0 0 0 0 0
"380" 0 0 0 0 0 0 0 0 0 0 0 0 0 0 0
"381" 0 0 0 0 0 0 0 0 0 0 0 0 0 0 0
"382" 0 0 0 0 0 0 0 0 0 0 0 0 0 0 0
"383" 0 0 0 0 0 0 0 0 0 0 0 0 0 0 0
"384" 0 0 0 0 0 0 0 0 0 0 0 0 0 0 0
"385" 1 1 1 1 1 1 1 1 1 0 0 0 0 0 0
"386" 1 1 1 1 1 1 1 1 0 0 0 0 0 0 0
"387" 1 1 1 1 1 1 1 1 1 1 1 1 1 1 0
"388" 1 1 1 1 1 1 1 0 0 0 0 0 0 0 0
"389" 1 1 1 1 0 0 0 0 0 0 0 0 0 0 0
"390" 0 0 0 0 0 0 0 0 0 0 0 0 0 0 0
"391" 0 0 0 0 0 0 0 0 0 0 0 0 0 0 0
"392" 0 0 0 0 0 0 0 0 0 0 0 0 0 0 0
"393" 0 0 0 0 0 0 0 0 0 0 0 0 0 0 0
"394" 0 0 0 0 0 0 0 0 0 0 0 0 0 0 0
"395" 0 0 0 0 0 0 0 0 0 0 0 0 0 0 0
"396" 0 0 0 0 0 0 0 0 0 0 0 0 0 0 0
"397" 0 0 0 0 0 0 0 0 0 0 0 0 0 0 0
"398" 0 0 0 0 0 0 0 0 0 0 0 0 0 0 0
"399" 0 0 0 0 0 0 0 0 0 0 0 0 0 0 0
"400" 0 0 0 0 0 0 0 0 0 0 0 0 0 0 0
"401" 1 1 1 1 0 0 0 0 0 0 0 0 0 0 0
"402" 0 1 1 1 1 1 1 1 1 1 1 1 0 0 0
"403" 0 0 0 0 0 0 0 0 0 0 0 0 0 0 0
"404" 1 1 1 1 1 1 1 1 1 0 0 0 0 0 0
"405" 0 0 0 0 0 0 0 0 0 0 0 0 0 0 0
"406" 0 0 0 0 0 0 0 0 0 0 0 0 0 0 0
"407" 0 0 0 0 0 0 0 0 0 0 0 0 0 0 0
"408" 0 0 0 0 0 0 0 0 0 0 0 0 0 0 0
"409" 0 0 0 0 0 0 0 0 0 0 0 0 0 0 0
"410" 0 0 0 0 0 0 0 0 0 0 0 0 0 0 0
"411" 0 0 0 0 0 0 0 0 0 0 0 0 0 0 0
"412" 0 0 0 0 0 0 0 0 0 0 0 0 0 0 0
"413" 0 0 0 0 0 0 0 0 0 0 0 0 0 0 0
"414" 0 0 0 0 0 0 0 0 0 0 0 0 0 0 0
"415" 0 0 0 0 0 0 0 0 0 0 0 0 0 0 0
"416" 0 0 0 0 0 0 0 0 0 0 0 0 0 0 0
"417" 1 1 1 1 1 1 1 1 1 1 1 1 0 0 0
"418" 1 1 1 1 1 1 1 0 0 0 0 0 0 0 0
"419" 1 1 1 1 1 1 1 1 1 1 1 1 1 1 1
"420" 1 1 1 1 1 1 1 1 1 1 0 0 0 0 0
"421" 1 1 1 1 1 1 1 1 1 0 0 0 0 0 0
"422" 1 1 1 1 1 1 1 0 0 0 0 0 0 0 0
"423" 0 1 1 1 1 0 0 0 0 0 0 0 0 0 0
"424" 0 0 0 0 0 0 0 0 0 0 0 0 0 0 0
"425" 0 1 1 1 1 1 1 0 0 0 0 0 0 0 0
"426" 1 1 1 1 1 0 0 0 0 0 0 0 0 0 0
"427" 0 1 1 1 1 0 0 0 0 0 0 0 0 0 0
"428" 0 0 0 0 0 0 0 0 0 0 0 0 0 0 0
"429" 1 1 1 1 1 1 1 1 0 0 0 0 0 0 0
"430" 0 0 0 0 0 0 0 0 0 0 0 0 0 0 0
"431" 1 1 1 1 0 0 0 0 0 0 0 0 0 0 0
"432" 0 0 1 1 1 1 0 0 0 0 0 0 0 0 0
"433" 1 1 1 1 1 1 1 1 1 1 1 1 1 1 1
"434" 1 1 1 1 1 1 1 1 1 1 1 1 1 1 1
"435" 1 1 1 1 1 1 1 1 1 1 1 1 1 1 1
"436" 1 1 1 1 1 1 1 1 1 1 1 1 1 1 1
"437" 1 1 1 1 1 1 1 1 1 1 1 1 0 0 0
"438" 0 0 0 0 0 0 0 0 0 0 0 0 0 0 0
"439" 0 0 0 0 0 0 0 0 0 0 0 0 0 0 0
"440" 0 0 0 0 0 0 0 0 0 0 0 0 0 0 0
"441" 0 0 0 0 0 0 0 0 0 0 0 0 0 0 0
"442" 0 0 0 0 0 0 0 0 0 0 0 0 0 0 0
"443" 0 0 0 0 0 0 0 0 0 0 0 0 0 0 0
"444" 0 0 0 0 0 0 0 0 0 0 0 0 0 0 0
"445" 0 0 0 0 0 0 0 0 0 0 0 0 0 0 0
"446" 0 0 0 0 0 0 0 0 0 0 0 0 0 0 0
"447" 0 0 0 0 0 0 0 0 0 0 0 0 0 0 0
"448" 0 0 0 0 0 0 0 0 0 0 0 0 0 0 0
"449" 1 1 1 1 1 1 1 1 1 1 1 1 1 0 0
"450" 1 1 1 1 1 1 0 0 0 0 0 0 0 0 0
"451" 1 1 1 1 1 1 1 1 1 1 1 0 0 0 0
"452" 1 1 1 1 1 1 1 1 1 0 0 0 0 0 0
"453" 1 1 1 1 0 0 0 0 0 0 0 0 0 0 0
"454" 0 0 0 0 0 0 0 0 0 0 0 0 0 0 0
"455" 1 1 1 1 0 0 0 0 0 0 0 0 0 0 0
"456" 0 0 1 1 1 1 1 1 0 0 0 0 0 0 0
"457" 0 0 0 0 0 0 0 0 0 0 0 0 0 0 0
"458" 0 0 0 0 0 0 0 0 0 0 0 0 0 0 0
"459" 0 0 0 0 0 0 0 0 0 0 0 0 0 0 0
"460" 0 0 0 0 0 0 0 0 0 0 0 0 0 0 0
"461" 0 0 0 0 0 0 0 0 0 0 0 0 0 0 0
"462" 0 0 0 0 0 0 0 0 0 0 0 0 0 0 0
"463" 0 0 0 0 0 0 0 0 0 0 0 0 0 0 0
"464" 0 0 0 0 0 0 0 0 0 0 0 0 0 0 0
"465" 1 1 1 1 1 1 1 1 1 1 1 1 1 1 0
"466" 1 1 1 1 1 0 0 0 0 0 0 0 0 0 0
"467" 1 1 1 1 1 0 0 0 0 0 0 0 0 0 0
"468" 1 1 1 1 1 0 0 0 0 0 0 0 0 0 0
"469" 0 0 0 0 0 0 0 0 0 0 0 0 0 0 0
"470" 0 0 0 0 0 0 0 0 0 0 0 0 0 0 0
"471" 1 1 1 1 1 0 0 0 0 0 0 0 0 0 0
"472" 1 1 1 1 1 1 0 0 0 0 0 0 0 0 0
"473" 0 0 0 0 0 0 0 0 0 0 0 0 0 0 0
"474" 0 0 0 0 0 0 0 0 0 0 0 0 0 0 0
"475" 0 0 0 0 0 0 0 0 0 0 0 0 0 0 0
"476" 0 0 0 0 0 0 0 0 0 0 0 0 0 0 0
"477" 0 0 0 0 0 0 0 0 0 0 0 0 0 0 0
"478" 0 0 0 0 0 0 0 0 0 0 0 0 0 0 0
"479" 0 0 0 0 0 0 0 0 0 0 0 0 0 0 0
"480" 0 0 0 0 0 0 0 0 0 0 0 0 0 0 0
"481" 1 1 1 1 1 1 1 1 1 1 1 1 1 1 1
"482" 1 1 1 1 1 1 1 1 0 0 0 0 0 0 0
"483" 0 1 1 1 1 0 0 0 0 0 0 0 0 0 0
"484" 0 0 0 0 0 0 0 0 0 0 0 0 0 0 0
"485" 0 0 0 0 0 0 0 0 0 0 0 0 0 0 0
"486" 0 0 0 0 0 0 0 0 0 0 0 0 0 0 0
"487" 0 0 0 0 0 0 0 0 0 0 0 0 0 0 0
"488" 0 0 0 0 0 0 0 0 0 0 0 0 0 0 0
"489" 0 0 0 0 0 0 0 0 0 0 0 0 0 0 0
"490" 0 0 0 0 0 0 0 0 0 0 0 0 0 0 0
"491" 0 0 0 0 0 0 0 0 0 0 0 0 0 0 0
"492" 0 0 0 0 0 0 0 0 0 0 0 0 0 0 0
"493" 0 0 0 0 0 0 0 0 0 0 0 0 0 0 0
"494" 0 0 0 0 0 0 0 0 0 0 0 0 0 0 0
"495" 0 0 0 0 0 0 0 0 0 0 0 0 0 0 0
"496" 1 1 1 1 1 1 1 1 1 1 1 1 1 1 1
"497" 1 1 1 1 1 1 1 1 1 1 1 1 1 1 0
"498" 1 1 1 1 1 1 1 1 0 0 0 0 0 0 0
"499" 0 0 0 0 0 0 0 0 0 0 0 0 0 0 0
"500" 0 0 0 0 0 0 0 0 0 0 0 0 0 0 0
"501" 0 0 0 0 0 0 0 0 1 1 1 1 0 0 0
"502" 0 0 0 0 0 0 0 0 0 0 0 0 0 0 0
"503" 0 0 0 0 0 0 0 0 0 0 0 0 0 0 0
"504" 0 0 0 0 0 0 0 0 0 0 0 0 0 0 0
"505" 0 0 0 0 0 0 0 0 0 0 0 0 0 0 0
"506" 0 0 0 0 0 0 0 0 0 0 0 0 0 0 0
"507" 1 1 1 1 1 1 1 0 0 0 0 0 0 0 0
"508" 0 0 0 0 0 0 0 0 0 0 0 0 0 0 0
"509" 0 0 0 0 0 0 0 0 0 0 0 0 0 0 0
"510" 0 0 0 0 0 0 0 0 0 0 0 0 0 0 0
"511" 0 0 0 0 0 0 0 0 0 0 0 0 0 0 0
"512" 0 0 0 0 0 0 0 0 0 0 0 0 0 0 0
"513" 0 0 1 1 1 1 1 1 0 0 0 0 0 0 0
"514" 1 1 1 1 1 1 0 0 0 0 0 0 0 0 0
"515" 1 1 1 1 1 1 0 0 0 0 0 0 0 0 0
"516" 1 1 1 1 1 1 1 0 0 0 0 0 0 0 0
"517" 1 1 1 1 0 0 0 0 0 0 0 0 0 0 0
"518" 0 0 0 0 0 0 0 0 0 0 0 0 0 0 0
"519" 1 1 1 1 1 1 1 1 1 1 1 1 0 0 0
"520" 0 0 0 0 0 0 0 0 0 0 0 0 0 0 0
"521" 0 0 0 1 1 1 1 1 0 0 0 0 0 0 0
"522" 0 0 0 0 0 0 0 0 0 0 0 0 0 0 0
"523" 0 0 0 0 0 0 0 0 0 0 0 0 0 0 0
"524" 0 0 0 0 0 0 0 0 0 0 0 0 0 0 0
"525" 0 0 0 0 0 0 0 0 0 0 0 0 0 0 0
"526" 0 0 0 0 0 0 0 0 0 0 0 0 0 0 0
"527" 0 0 0 0 0 0 0 0 0 0 0 0 0 0 0
"528" 0 0 0 0 0 0 0 0 0 0 0 0 0 0 0
"529" 1 1 1 1 1 1 1 0 0 0 0 0 0 0 0
"530" 0 0 0 0 0 0 0 0 0 0 0 0 0 0 0
"531" 0 0 0 0 0 0 0 0 0 0 0 0 0 0 0
"532" 0 0 0 0 0 0 0 0 0 0 0 0 0 0 0
"533" 0 1 1 1 1 1 1 1 1 1 1 1 0 0 0
"534" 1 1 1 1 0 0 0 0 0 0 0 0 0 0 0
"535" 1 1 1 1 1 0 0 0 0 0 0 0 0 0 0
"536" 0 0 0 0 0 0 0 0 0 0 0 0 0 0 0
"537" 0 0 0 0 0 0 0 0 0 0 0 0 0 0 0
"538" 0 0 0 0 0 0 0 0 0 0 0 0 0 0 0
"539" 0 0 0 0 0 0 0 0 0 0 0 0 0 0 0
"540" 0 0 0 0 0 0 0 0 0 0 0 0 0 0 0
"541" 0 0 0 0 0 0 0 0 0 0 0 0 0 0 0
"542" 0 0 0 0 0 0 0 0 0 0 0 0 0 0 0
"543" 0 0 0 0 0 0 0 0 0 0 0 0 0 0 0
"544" 0 0 0 0 0 0 0 0 0 0 0 0 0 0 0
"545" 1 1 1 1 1 1 1 1 1 1 1 0 0 0 0
"546" 1 1 1 1 1 0 0 0 0 0 0 0 0 0 0
"547" 0 0 0 0 0 0 0 0 0 0 0 0 0 0 0
"548" 1 1 1 1 0 0 0 0 0 0 0 0 0 0 0
"549" 1 1 1 1 0 0 0 0 0 0 0 0 0 0 0
"550" 1 1 1 1 0 0 0 0 0 0 0 0 0 0 0
"551" 1 1 1 1 1 0 0 0 0 0 0 0 0 0 0
"552" 0 0 0 0 0 0 0 0 0 0 0 0 0 0 0
"553" 0 0 0 0 0 0 0 0 0 0 0 0 0 0 0
"554" 0 0 0 0 0 0 0 0 0 0 0 0 0 0 0
"555" 0 0 0 0 0 0 0 0 0 0 0 0 0 0 0
"556" 0 0 0 0 0 0 0 0 0 0 0 0 0 0 0
"557" 0 0 0 0 0 0 0 0 0 0 0 0 0 0 0
"558" 0 0 0 0 0 0 0 0 0 0 0 0 0 0 0
"559" 0 0 0 0 0 0 0 0 0 0 0 0 0 0 0
"560" 0 0 0 0 0 0 0 0 0 0 0 0 0 0 0
"561" 1 1 1 1 1 1 1 1 1 1 1 1 1 1 0
"562" 1 1 1 1 1 1 1 1 1 1 1 1 0 0 0
"563" 1 1 1 1 1 1 0 0 0 0 0 0 0 0 0
"564" 1 1 1 1 0 0 0 0 0 0 0 0 0 0 0
"565" 0 0 0 0 0 0 0 0 0 0 0 0 0 0 0
"566" 0 0 0 0 0 0 0 0 0 0 0 0 0 0 0
"567" 0 0 0 0 0 0 0 0 0 0 0 0 0 0 0
"568" 0 1 1 1 1 1 1 1 1 0 0 0 0 0 0
"569" 1 1 1 1 0 0 0 0 0 0 0 0 0 0 0
"570" 1 1 1 1 0 0 0 0 0 0 0 0 0 0 0
"571" 1 1 1 1 0 0 0 0 0 0 0 0 0 0 0
"572" 0 0 0 0 0 0 0 0 0 0 0 0 0 0 0
"573" 0 0 0 0 0 0 0 0 0 0 0 0 0 0 0
"574" 0 0 0 0 0 0 0 0 0 0 0 0 0 0 0
"575" 0 0 0 0 0 0 0 0 0 0 0 0 0 0 0
"576" 0 0 0 0 0 0 0 0 0 0 0 0 0 0 0
"577" 1 1 1 1 1 1 0 0 0 0 0 0 0 0 0
"578" 1 1 1 1 1 1 1 1 1 1 1 1 1 1 0
"579" 0 0 0 0 0 0 0 0 0 0 0 0 0 0 0
"580" 1 1 1 1 0 0 0 0 0 0 0 0 0 0 0
"581" 1 1 1 1 0 0 0 0 0 0 0 0 0 0 0
"582" 1 1 1 1 1 0 0 0 0 0 0 0 0 0 0
"583" 0 0 0 0 0 0 0 0 0 0 0 0 0 0 0
"584" 1 1 1 1 1 0 0 0 0 0 0 0 0 0 0
"585" 0 0 0 0 0 0 0 0 0 0 0 0 0 0 0
"586" 0 0 0 0 0 0 0 0 0 0 0 0 0 0 0
"587" 0 0 0 0 0 0 0 0 0 0 0 0 0 0 0
"588" 0 0 0 0 0 0 0 0 0 0 0 0 0 0 0
"589" 0 0 0 0 0 0 0 0 0 0 0 0 0 0 0
"590" 1 1 1 1 0 0 0 0 0 0 0 0 0 0 0
"591" 0 0 0 0 0 0 0 0 0 0 0 0 0 0 0
"592" 0 0 0 0 0 0 0 0 0 0 0 0 0 0 0
"593" 1 1 1 1 0 0 0 0 0 0 0 0 0 0 0
"594" 1 1 1 1 1 0 0 0 0 0 0 0 0 0 0
"595" 1 1 1 1 1 1 1 0 0 0 0 0 0 0 0
"596" 0 0 0 0 0 0 0 0 0 0 0 0 0 0 0
"597" 1 1 1 1 1 1 1 1 1 1 1 1 1 1 1
"598" 1 1 1 1 0 0 0 0 0 0 0 0 0 0 0
"599" 1 1 1 1 1 1 1 1 1 1 1 1 1 1 0
"600" 0 0 0 0 0 0 0 0 0 0 0 0 0 0 0
"601" 0 0 0 0 0 0 0 0 0 0 0 0 0 0 0
"602" 0 0 0 0 0 0 0 0 0 0 0 0 0 0 0
"603" 0 0 0 0 0 0 0 0 0 0 0 0 0 0 0
"604" 0 0 0 0 1 1 1 1 0 0 0 0 0 0 0
"605" 1 1 1 1 0 0 0 0 0 0 0 0 0 0 0
"606" 0 0 0 0 0 0 0 0 0 0 0 0 0 0 0
"607" 0 0 0 0 0 0 0 0 0 0 0 0 0 0 0
"608" 0 0 0 0 0 0 0 0 0 0 0 0 0 0 0
"609" 1 1 1 1 1 1 0 0 0 0 0 0 0 0 0
"610" 1 1 1 1 1 1 1 1 1 1 1 1 1 1 0
"611" 1 1 1 1 1 0 0 0 0 0 0 0 0 0 0
"612" 1 1 1 1 1 0 0 0 0 0 0 0 0 0 0
"613" 0 0 0 0 0 0 0 0 0 0 0 0 0 0 0
"614" 0 0 0 0 0 0 0 0 0 0 0 0 0 0 0
"615" 0 1 1 1 1 1 1 1 1 1 1 1 0 0 0
"616" 1 1 1 1 1 1 1 1 1 1 1 1 1 1 1
"617" 1 1 1 1 1 0 0 0 0 0 0 0 0 0 0
"618" 1 1 1 1 1 1 1 1 0 0 0 0 0 0 0
"619" 0 0 0 0 0 0 0 0 0 0 0 0 0 0 0
"620" 0 0 0 0 0 0 0 0 0 0 0 0 0 0 0
"621" 0 0 0 0 0 0 0 0 0 0 0 0 0 0 0
"622" 0 0 0 0 0 0 0 0 0 0 0 0 0 0 0
"623" 0 0 0 0 0 0 0 0 0 0 0 0 0 0 0
"624" 0 0 0 0 0 0 0 0 0 0 0 0 0 0 0
"625" 1 1 1 1 1 1 1 1 1 1 1 1 1 1 1
"626" 1 1 1 1 1 1 1 1 1 1 1 1 1 0 0
"627" 1 1 1 1 1 1 1 1 1 1 1 0 0 0 0
"628" 0 0 0 0 0 0 0 0 0 0 0 0 0 0 0
"629" 1 1 1 1 1 1 1 1 1 1 1 0 0 0 0
"630" 1 1 1 1 0 0 0 0 0 0 0 0 0 0 0
"631" 0 0 0 0 0 0 0 0 0 0 0 0 0 0 0
"632" 0 1 1 1 1 1 1 1 0 0 0 0 0 0 0
"633" 1 1 1 1 1 1 1 0 0 0 0 0 0 0 0
"634" 0 0 0 0 0 0 0 0 0 0 0 0 0 0 0
"635" 0 0 0 0 0 0 0 0 0 0 0 0 0 0 0
"636" 0 0 0 0 0 0 0 0 0 0 0 0 0 0 0
"637" 0 0 0 0 0 0 0 0 0 0 0 0 0 0 0
"638" 0 0 0 0 0 0 0 0 0 0 0 0 0 0 0
"639" 0 0 0 0 0 0 0 0 0 0 0 0 0 0 0
"640" 0 0 0 0 0 0 0 0 0 0 0 0 0 0 0
"641" 1 1 1 1 1 1 1 1 1 1 1 1 1 1 1
"642" 1 1 1 1 1 1 0 0 0 0 0 0 0 0 0
"643" 1 1 1 1 1 1 0 0 0 0 0 0 0 0 0
"644" 1 1 1 1 1 1 1 0 0 0 0 0 0 0 0
"645" 1 1 1 1 1 1 1 1 1 1 1 0 0 0 0
"646" 1 1 1 1 1 1 1 1 1 0 0 0 0 0 0
"647" 0 0 0 0 0 0 0 0 0 0 0 0 0 0 0
"648" 0 0 0 0 0 0 0 0 0 0 0 0 0 0 0
"649" 1 1 1 1 1 1 1 1 1 1 1 0 0 0 0
"650" 1 1 1 1 1 1 1 0 0 0 0 0 0 0 0
"651" 0 0 0 0 0 0 0 0 0 0 0 0 0 0 0
"652" 1 1 1 1 1 1 1 0 0 0 0 0 0 0 0
"653" 1 1 1 1 0 0 0 0 0 0 0 0 0 0 0
"654" 0 0 0 0 0 0 0 0 0 0 0 0 0 0 0
"655" 0 0 0 0 0 0 0 0 0 0 0 0 0 0 0
"656" 1 1 1 1 0 0 0 0 0 0 0 0 0 0 0
"657" 1 1 1 1 1 1 1 1 1 1 1 0 0 0 0
"658" 1 1 1 1 1 1 1 1 1 1 1 1 1 1 1
"659" 0 0 0 0 0 0 0 0 0 0 0 0 0 0 0
"660" 0 0 0 0 0 0 0 0 0 0 0 0 0 0 0
"661" 1 1 1 1 0 0 0 0 0 0 0 0 0 0 0
"662" 1 1 1 1 0 0 0 0 0 0 0 0 0 0 0
"663" 0 0 0 0 0 0 0 0 0 0 0 0 0 0 0
"664" 0 0 0 0 0 0 0 0 0 0 0 0 0 0 0
"665" 1 1 1 1 1 1 1 1 1 1 1 1 1 1 1
"666" 0 1 1 1 1 0 0 0 0 0 0 0 0 0 0
"667" 1 1 1 1 0 0 0 0 0 0 0 0 0 0 0
"668" 0 0 0 0 0 0 0 0 0 0 0 0 0 0 0
"669" 0 0 0 0 0 1 1 1 1 0 0 0 0 0 0
"670" 1 1 1 1 1 1 1 1 1 0 0 0 0 0 0
"671" 0 0 0 0 0 0 0 0 0 0 0 0 0 0 0
"672" 0 0 0 0 0 0 0 0 0 0 0 0 0 0 0
"673" 1 1 1 1 1 1 1 1 1 1 1 1 1 1 1
"674" 1 1 1 1 1 0 0 0 0 0 0 0 0 0 0
"675" 1 1 1 1 1 0 0 0 0 0 0 0 0 0 0
"676" 0 0 0 0 0 0 0 0 0 0 0 0 0 0 0
"677" 1 1 1 1 1 1 0 0 0 0 0 0 0 0 0
"678" 0 1 1 1 1 1 0 0 0 0 0 0 0 0 0
"679" 1 1 1 1 1 1 1 0 0 0 0 0 0 0 0
"680" 1 1 1 1 1 0 0 0 0 0 0 0 0 0 0
"681" 0 0 1 1 1 1 1 1 1 1 1 0 0 0 0
"682" 1 1 1 1 1 1 1 1 0 0 0 0 0 0 0
"683" 1 1 1 1 0 0 0 0 0 0 0 0 0 0 0
"684" 0 0 0 0 0 0 0 0 0 0 0 0 0 0 0
"685" 1 1 1 1 1 1 0 0 0 0 0 0 0 0 0
"686" 0 0 0 0 0 0 0 0 0 0 0 0 0 0 0
"687" 0 0 0 0 0 0 0 0 0 0 0 0 0 0 0
"688" 0 1 1 1 1 1 1 1 0 0 0 0 0 0 0
"689" 1 1 1 1 1 1 1 1 1 1 1 1 1 1 0
"690" 1 1 1 1 1 1 1 0 0 0 0 0 0 0 0
"691" 0 0 0 0 0 0 0 0 0 0 0 0 0 0 0
"692" 1 1 1 1 1 1 0 0 0 0 0 0 0 0 0
"693" 0 0 0 0 0 0 0 0 0 0 0 0 0 0 0
"694" 1 1 1 1 1 1 0 0 0 0 0 0 0 0 0
"695" 0 0 0 0 0 0 0 0 0 0 0 0 0 0 0
"696" 0 0 0 0 0 0 0 0 0 0 0 0 0 0 0
"697" 1 1 1 1 1 1 1 0 0 0 0 0 0 0 0
"698" 0 0 0 0 0 0 0 0 0 0 0 0 0 0 0
"699" 1 1 1 1 0 0 0 0 0 0 0 0 0 0 0
"700" 0 0 0 0 0 0 0 0 0 0 0 0 0 0 0
"701" 1 1 1 1 1 0 0 0 0 0 0 0 0 0 0
"702" 0 0 0 0 0 0 0 0 0 0 0 0 0 0 0
"703" 0 0 0 0 0 0 0 0 0 0 0 0 0 0 0
"704" 1 1 1 1 0 0 0 0 0 0 0 0 0 0 0
"705" 1 1 1 1 1 1 1 0 0 0 0 0 0 0 0
"706" 1 1 1 1 1 1 1 0 0 0 0 0 0 0 0
"707" 0 1 1 1 1 1 1 0 0 0 0 0 0 0 0
"708" 0 0 0 0 0 0 0 0 0 0 0 0 0 0 0
"709" 1 1 1 1 1 1 1 0 0 0 0 0 0 0 0
"710" 1 1 1 1 0 0 0 0 0 0 0 0 0 0 0
"711" 1 1 1 1 1 1 1 1 0 0 0 0 0 0 0
"712" 0 0 0 0 0 0 0 0 0 0 0 0 0 0 0
"713" 1 1 1 1 1 1 1 1 1 1 1 1 0 0 0
"714" 0 0 0 0 0 0 0 0 0 0 0 0 0 0 0
"715" 0 0 0 0 0 0 0 0 0 0 0 0 0 0 0
"716" 0 0 0 0 0 0 0 0 0 0 0 0 0 0 0
"717" 0 0 0 0 0 0 0 0 0 0 0 0 0 0 0
"718" 0 0 0 0 0 0 0 0 0 0 0 0 0 0 0
"719" 0 0 0 0 0 0 0 0 0 0 0 0 0 0 0
"720" 0 0 0 0 0 0 0 0 0 0 0 0 0 0 0
"721" 1 1 1 1 1 1 1 1 1 1 1 1 1 1 0
"722" 0 0 1 1 1 1 1 1 1 1 1 1 1 0 0
"723" 1 1 1 1 1 1 0 0 0 0 0 0 0 0 0
"724" 1 1 1 1 1 1 1 1 1 0 0 0 0 0 0
"725" 0 0 0 0 0 0 0 0 0 0 0 0 0 0 0
"726" 0 0 0 0 0 0 0 0 0 0 0 0 0 0 0
"727" 0 0 0 0 0 0 0 0 0 0 0 0 0 0 0
"728" 0 0 0 0 0 0 0 0 0 0 0 0 0 0 0
"729" 0 0 0 0 0 0 0 0 0 0 0 0 0 0 0
"730" 0 0 0 0 0 0 0 0 0 0 0 0 0 0 0
"731" 0 0 0 0 0 0 0 0 0 0 0 0 0 0 0
"732" 0 0 0 0 0 0 0 0 0 0 0 0 0 0 0
"733" 0 0 0 0 0 0 0 0 0 0 0 0 0 0 0
"734" 0 0 0 0 0 0 0 0 0 0 0 0 0 0 0
"735" 0 0 0 0 0 0 0 0 0 0 0 0 0 0 0
"736" 0 0 0 0 0 0 0 0 0 0 0 0 0 0 0
"737" 1 1 1 1 1 1 0 0 0 0 0 0 0 0 0
"738" 1 1 1 1 1 0 0 0 0 0 0 0 0 0 0
"739" 0 0 0 0 0 0 0 0 0 0 0 0 0 0 0
"740" 1 1 1 1 0 0 0 0 0 0 0 0 0 0 0
"741" 0 0 0 0 0 0 0 0 0 0 0 0 0 0 0
"742" 0 0 0 0 0 0 0 0 0 0 0 0 0 0 0
"743" 0 0 0 0 0 0 0 0 0 0 0 0 0 0 0
"744" 0 0 0 0 0 0 0 0 0 0 0 0 0 0 0
"745" 0 0 0 0 0 0 0 0 0 0 0 0 0 0 0
"746" 0 0 0 0 0 0 0 0 0 0 0 0 0 0 0
"747" 0 0 0 0 0 0 0 0 0 0 0 0 0 0 0
"748" 0 0 0 0 0 0 0 0 0 0 0 0 0 0 0
"749" 1 1 1 1 0 0 0 0 0 0 0 0 0 0 0
"750" 1 1 1 1 1 0 0 0 0 0 0 0 0 0 0
"751" 0 0 0 0 0 0 0 0 0 0 0 0 0 0 0
"752" 0 0 0 0 0 0 0 0 0 0 0 0 0 0 0
"753" 1 1 1 1 1 1 1 1 1 1 1 1 0 0 0
"754" 1 1 1 1 1 0 0 0 0 0 0 0 0 0 0
"755" 1 1 1 1 1 1 1 1 1 0 0 0 0 0 0
"756" 0 0 0 0 0 0 0 0 0 0 0 0 0 0 0
"757" 1 1 1 1 1 1 1 0 0 0 0 0 0 0 0
"758" 0 0 0 0 0 0 0 0 0 0 0 0 0 0 0
"759" 1 1 1 1 0 0 0 0 0 0 0 0 0 0 0
"760" 0 0 0 0 0 0 0 0 0 0 0 0 0 0 0
"761" 0 1 1 1 1 1 1 1 1 1 1 1 0 0 0
"762" 0 1 1 1 1 0 0 0 0 0 0 0 0 0 0
"763" 0 0 0 0 0 0 0 0 0 0 0 0 0 0 0
"764" 0 0 0 0 0 0 0 0 0 0 0 0 0 0 0
"765" 0 0 0 0 0 0 0 0 0 0 0 0 0 0 0
"766" 0 0 0 0 0 0 0 0 0 0 0 0 0 0 0
"767" 0 0 0 0 0 0 0 0 0 0 0 0 0 0 0
"768" 0 0 0 0 0 0 0 0 0 0 0 0 0 0 0
"769" 1 1 1 1 1 1 1 1 1 1 1 1 1 1 0
"770" 1 1 1 1 1 1 1 1 1 0 0 0 0 0 0
"771" 1 1 1 1 1 1 1 1 1 1 1 1 1 1 1
"772" 1 1 1 1 0 0 0 0 0 0 0 0 0 0 0
"773" 1 1 1 1 1 1 1 1 1 1 1 1 1 1 1
"774" 1 1 1 1 1 1 1 1 1 1 1 1 0 0 0
"775" 1 1 1 1 1 0 0 0 0 0 0 0 0 0 0
"776" 1 1 1 1 1 1 1 1 1 1 1 1 1 1 1
"777" 1 1 1 1 1 1 1 1 1 1 1 1 1 1 1
"778" 1 1 1 1 1 1 1 1 1 1 1 1 1 1 0
"779" 0 0 0 0 0 0 0 0 0 0 0 0 0 0 0
"780" 0 0 0 0 0 0 0 0 0 0 0 0 0 0 0
"781" 0 0 0 0 0 0 0 0 0 0 0 0 0 0 0
"782" 1 1 1 1 1 0 0 0 0 0 0 0 0 0 0
"783" 0 0 0 0 0 0 0 0 0 0 0 0 0 0 0
"784" 0 0 0 0 0 0 0 0 0 0 0 0 0 0 0
"785" 1 1 1 1 1 1 1 1 1 1 0 0 0 0 0
"786" 1 1 1 1 0 0 0 0 0 0 0 0 0 0 0
"787" 0 0 0 0 0 0 0 0 0 0 0 0 0 0 0
"788" 0 0 0 0 0 0 0 0 0 0 0 0 0 0 0
"789" 1 1 1 1 1 1 1 0 0 0 0 0 0 0 0
"790" 1 1 1 1 1 1 0 0 0 0 0 0 0 0 0
"791" 0 0 0 0 0 0 0 0 0 0 0 0 0 0 0
"792" 0 0 0 0 0 0 0 0 0 0 0 0 0 0 0
"793" 0 0 0 0 0 0 0 0 0 0 0 0 0 0 0
"794" 0 0 0 0 0 0 0 0 0 0 0 0 0 0 0
"795" 1 1 1 1 1 1 0 0 0 0 0 0 0 0 0
"796" 1 1 1 1 1 0 0 0 0 0 0 0 0 0 0
"797" 0 0 0 0 0 0 0 0 0 0 0 0 0 0 0
"798" 0 0 0 0 0 0 0 0 0 0 0 0 0 0 0
"799" 0 0 0 0 0 0 0 0 0 0 0 0 0 0 0
"800" 0 0 0 0 0 0 0 0 0 0 0 0 0 0 0
"801" 1 1 1 1 1 1 1 1 1 1 1 1 1 1 1
"802" 1 1 1 1 1 0 0 0 0 0 0 0 0 0 0
"803" 1 1 1 1 1 0 0 0 0 0 0 0 0 0 0
"804" 1 1 1 1 1 1 0 0 0 0 0 0 0 0 0
"805" 1 1 1 1 1 1 0 0 0 0 0 0 0 0 0
"806" 0 0 0 0 0 0 0 0 0 0 0 0 0 0 0
"807" 1 1 1 1 1 0 0 0 0 0 0 0 0 0 0
"808" 0 0 0 0 0 0 0 0 0 0 0 0 0 0 0
"809" 1 1 1 1 1 0 0 0 0 0 0 0 0 0 0
"810" 1 1 1 1 1 1 1 1 1 0 0 0 0 0 0
"811" 1 1 1 1 1 1 0 0 0 0 0 0 0 0 0
"812" 0 0 0 0 0 0 0 0 0 0 0 0 0 0 0
"813" 1 1 1 1 1 0 0 0 0 0 0 0 0 0 0
"814" 1 1 1 1 1 0 0 0 0 0 0 0 0 0 0
"815" 1 1 1 1 1 0 0 0 0 0 0 0 0 0 0
"816" 1 1 1 1 1 1 0 0 0 0 0 0 0 0 0
"817" 1 1 1 1 1 1 1 1 0 0 0 0 0 0 0
"818" 1 1 1 1 1 1 1 1 1 1 0 0 0 0 0
"819" 1 1 1 1 1 1 1 1 1 0 0 0 0 0 0
"820" 1 1 1 1 1 0 0 0 0 0 0 0 0 0 0
"821" 1 1 1 1 0 0 0 0 0 0 0 0 0 0 0
"822" 0 0 0 0 0 0 0 0 0 0 0 0 0 0 0
"823" 1 1 1 1 0 0 0 0 0 0 0 0 0 0 0
"824" 0 0 0 0 0 0 0 0 0 0 0 0 0 0 0
"825" 0 0 0 0 0 0 0 0 0 0 0 0 0 0 0
"826" 0 0 0 0 0 0 0 0 0 0 0 0 0 0 0
"827" 0 0 0 0 0 0 0 0 0 0 0 0 0 0 0
"828" 0 0 0 0 0 0 0 0 0 0 0 0 0 0 0
"829" 0 0 0 0 0 0 0 0 0 0 0 0 0 0 0
"830" 0 0 0 0 0 0 0 0 0 0 0 0 0 0 0
"831" 0 0 0 0 0 0 0 0 0 0 0 0 0 0 0
"832" 0 0 0 0 0 0 0 0 0 0 0 0 0 0 0
"833" 1 1 1 1 1 1 1 1 1 1 1 1 1 1 1
"834" 1 1 1 1 1 1 1 1 1 1 1 1 1 1 1
"835" 1 1 1 1 1 0 0 0 0 0 0 0 0 0 0
"836" 1 1 1 1 1 0 0 0 0 0 0 0 0 0 0
"837" 0 0 0 0 0 0 0 0 0 0 0 0 0 0 0
"838" 1 1 1 1 0 0 0 0 0 0 0 0 0 0 0
"839" 0 0 0 0 0 0 0 0 0 0 0 0 0 0 0
"840" 0 0 0 0 0 0 0 0 0 0 0 0 0 0 0
"841" 1 1 1 1 1 1 1 1 1 1 1 1 1 1 1
"842" 1 1 1 1 1 1 1 1 1 1 1 1 1 1 1
"843" 0 0 0 0 0 0 0 0 0 0 0 0 0 0 0
"844" 0 0 0 0 0 0 0 0 0 0 0 0 0 0 0
"845" 0 0 0 0 0 0 0 0 0 0 0 0 0 0 0
"846" 1 1 1 1 0 0 0 0 0 0 0 0 0 0 0
"847" 0 0 0 0 0 0 0 0 0 0 0 0 0 0 0
"848" 0 0 0 0 0 0 0 0 0 0 0 0 0 0 0
"849" 1 1 1 1 1 1 1 1 1 1 1 1 1 1 1
"850" 1 1 1 1 1 1 1 1 1 1 1 0 0 0 0
"851" 1 1 1 1 1 0 0 0 0 0 0 0 0 0 0
"852" 0 0 0 0 0 0 0 0 0 0 0 0 0 0 0
"853" 0 0 0 0 0 0 0 0 0 0 0 0 0 0 0
"854" 0 0 0 0 0 0 0 0 0 0 0 0 0 0 0
"855" 0 0 0 0 0 0 0 0 0 0 0 0 0 0 0
"856" 0 0 0 0 0 0 0 0 0 0 0 0 0 0 0
"857" 0 0 0 0 0 0 0 0 0 0 0 0 0 0 0
"858" 0 0 0 0 0 0 0 0 0 0 0 0 0 0 0
"859" 0 0 0 0 0 0 0 0 0 0 0 0 0 0 0
"860" 0 0 0 0 0 0 0 0 0 0 0 0 0 0 0
"861" 0 0 0 0 0 0 0 0 0 0 0 0 0 0 0
"862" 0 0 0 0 0 0 0 0 0 0 0 0 0 0 0
"863" 0 0 0 0 0 0 0 0 0 0 0 0 0 0 0
"864" 0 0 0 0 0 0 0 0 0 0 0 0 0 0 0
"865" 0 0 0 0 0 0 0 0 0 0 0 0 0 0 0
"866" 1 1 1 1 1 1 1 1 1 1 0 0 0 0 0
"867" 0 0 1 1 1 1 1 1 1 0 0 0 0 0 0
"868" 0 0 0 0 0 0 0 0 0 0 0 0 0 0 0
"869" 1 1 1 1 1 0 0 0 0 0 0 0 0 0 0
"870" 1 1 1 1 1 0 0 0 0 0 0 0 0 0 0
"871" 1 1 1 1 1 1 0 0 0 0 0 0 0 0 0
"872" 1 1 1 1 0 0 0 0 0 0 0 0 0 0 0
"873" 0 0 0 0 0 0 0 0 0 0 0 0 0 0 0
"874" 0 0 0 0 0 0 0 0 0 0 0 0 0 0 0
"875" 0 0 0 0 0 0 0 0 0 0 0 0 0 0 0
"876" 0 0 0 0 0 0 0 0 0 0 0 0 0 0 0
"877" 0 0 0 0 0 0 0 0 0 0 0 0 0 0 0
"878" 0 0 0 0 0 0 0 0 0 0 0 0 0 0 0
"879" 0 0 0 0 0 0 0 0 0 0 0 0 0 0 0
"880" 0 0 0 0 0 0 0 0 0 0 0 0 0 0 0
"881" 1 1 1 1 0 0 0 0 0 0 0 0 0 0 0
"882" 1 1 1 1 1 1 1 1 1 1 1 1 1 1 1
"883" 1 1 1 1 1 0 0 0 0 0 0 0 0 0 0
"884" 1 1 1 1 0 0 0 0 0 0 0 0 0 0 0
"885" 0 0 0 0 0 0 0 0 0 0 0 0 0 0 0
"886" 1 1 1 1 1 1 1 1 1 1 1 1 0 0 0
"887" 0 0 0 0 0 0 0 0 0 0 0 0 0 0 0
"888" 0 0 0 0 0 0 0 0 0 0 0 0 0 0 0
"889" 0 0 0 0 0 0 0 0 0 0 0 0 0 0 0
"890" 0 0 0 0 0 0 0 0 0 0 0 0 0 0 0
"891" 0 0 0 0 0 0 0 0 0 0 0 0 0 0 0
"892" 0 0 0 0 0 0 0 0 0 0 0 0 0 0 0
"893" 0 0 0 0 0 0 0 0 0 0 0 0 0 0 0
"894" 0 0 0 0 0 0 0 0 0 0 0 0 0 0 0
"895" 0 0 0 0 0 0 0 0 0 0 0 0 0 0 0
"896" 0 0 0 0 0 0 0 0 0 0 0 0 0 0 0
"897" 1 1 1 1 1 1 1 1 0 0 0 0 0 0 0
"898" 0 0 0 0 0 0 0 0 0 0 0 0 0 0 0
"899" 0 0 0 0 0 0 0 0 0 0 0 0 0 0 0
"900" 0 0 0 0 0 0 0 0 0 0 0 0 0 0 0
"901" 1 1 1 1 1 0 0 0 0 0 0 0 0 0 0
"902" 0 0 0 0 0 0 0 0 0 0 0 0 0 0 0
"903" 0 0 0 0 0 0 0 0 0 0 0 0 0 0 0
"904" 0 0 0 0 0 0 0 0 0 0 0 0 0 0 0
"905" 0 0 1 1 1 1 1 1 1 0 0 0 0 0 0
"906" 1 1 1 1 1 1 1 1 1 1 1 1 0 0 0
"907" 0 0 0 0 0 0 0 0 0 0 0 0 0 0 0
"908" 0 0 0 0 0 0 0 0 0 0 0 0 0 0 0
"909" 0 0 0 0 0 0 0 0 0 0 0 0 0 0 0
"910" 0 0 0 0 0 0 0 0 0 0 0 0 0 0 0
"911" 0 0 0 0 0 0 0 0 0 0 0 0 0 0 0
"912" 0 0 0 0 0 0 0 0 0 0 0 0 0 0 0
"913" 1 1 1 1 0 0 0 0 0 0 0 0 0 0 0
"914" 1 1 1 1 1 1 1 1 1 1 1 1 1 0 0
"915" 0 0 0 0 0 0 0 0 0 0 0 0 0 0 0
"916" 1 1 1 1 1 1 1 1 1 1 1 1 1 0 0
"917" 0 0 0 0 0 0 0 0 0 0 0 0 0 0 0
"918" 0 0 0 0 0 0 0 0 0 0 0 0 0 0 0
"919" 0 0 0 0 0 0 0 0 0 0 0 0 0 0 0
"920" 1 1 1 1 1 0 0 0 0 0 0 0 0 0 0
"921" 0 0 0 0 0 0 0 0 0 0 0 0 0 0 0
"922" 0 0 0 0 0 0 0 0 0 0 0 0 0 0 0
"923" 0 0 0 0 0 0 0 0 0 0 0 0 0 0 0
"924" 0 0 0 0 0 0 0 0 0 0 0 0 0 0 0
"925" 0 0 0 0 0 0 0 0 0 0 0 0 0 0 0
"926" 0 0 0 0 0 0 0 0 0 0 0 0 0 0 0
"927" 0 0 0 0 0 0 0 0 0 0 0 0 0 0 0
"928" 0 0 0 0 0 0 0 0 0 0 0 0 0 0 0
"929" 1 1 1 1 1 1 1 1 1 1 0 0 0 0 0
"930" 1 1 1 1 1 1 1 0 0 0 0 0 0 0 0
"931" 0 0 0 0 0 0 0 0 0 0 0 0 0 0 0
"932" 1 1 1 1 1 1 0 0 0 0 0 0 0 0 0
"933" 0 0 0 0 0 0 0 0 0 0 0 0 0 0 0
"934" 0 0 0 0 0 0 0 0 0 0 0 0 0 0 0
"935" 0 0 0 0 0 0 0 0 0 0 0 0 0 0 0
"936" 1 1 1 1 0 0 0 0 0 0 0 0 0 0 0
"937" 1 1 1 1 0 0 0 0 0 0 0 0 0 0 0
"938" 1 1 1 1 1 1 1 1 1 1 1 1 1 0 0
"939" 1 1 1 1 1 1 1 1 1 1 1 1 1 1 1
"940" 1 1 1 1 1 1 1 1 1 1 1 1 1 1 1
"941" 1 1 1 1 1 1 1 1 1 1 1 1 1 1 1
"942" 1 1 1 1 1 1 1 1 1 1 1 1 1 0 0
"943" 1 1 1 1 1 1 1 0 0 0 0 0 0 0 0
"944" 0 0 0 0 0 0 0 0 0 0 0 0 0 0 0
"945" 1 1 1 1 1 1 1 1 1 1 1 0 0 0 0
"946" 0 1 1 1 1 1 1 1 1 1 1 1 1 1 0
"947" 1 1 1 1 1 1 1 1 1 1 0 0 0 0 0
"948" 1 1 1 1 1 1 1 1 0 0 0 0 0 0 0
"949" 0 0 0 0 0 0 0 0 0 0 0 0 0 0 0
"950" 0 0 0 0 0 0 0 0 0 0 0 0 0 0 0
"951" 1 1 1 1 0 0 0 0 0 0 0 0 0 0 0
"952" 1 1 1 1 0 0 0 0 0 0 0 0 0 0 0
"953" 0 0 0 0 0 0 0 0 0 0 0 0 0 0 0
"954" 1 1 1 1 1 0 0 0 0 0 0 0 0 0 0
"955" 0 0 0 0 0 0 0 0 0 0 0 0 0 0 0
"956" 0 0 0 0 0 0 0 0 0 0 0 0 0 0 0
"957" 0 0 0 0 0 0 0 0 0 0 0 0 0 0 0
"958" 0 0 0 0 0 0 0 0 0 0 0 0 0 0 0
"959" 0 0 0 0 0 0 0 0 0 0 0 0 0 0 0
"960" 1 1 1 1 1 0 0 0 0 0 0 0 0 0 0
"961" 1 1 1 1 1 1 1 1 1 1 1 1 1 1 0
"962" 1 1 1 1 1 1 1 1 1 1 1 1 1 1 1
"963" 1 1 1 1 0 0 0 0 0 0 0 0 0 0 0
"964" 1 1 1 1 0 0 0 0 0 0 0 0 0 0 0
"965" 1 1 1 1 0 0 0 0 0 0 0 0 0 0 0
"966" 1 1 1 1 1 0 0 0 0 0 0 0 0 0 0
"967" 0 1 1 1 1 1 1 1 1 1 1 1 1 1 0
"968" 0 0 0 0 0 0 0 0 0 0 0 0 0 0 0
"969" 1 1 1 1 1 0 0 0 0 0 0 0 0 0 0
"970" 1 1 1 1 1 1 1 1 1 1 1 1 1 1 1
"971" 0 0 0 0 0 0 0 0 0 0 0 0 0 0 0
"972" 0 0 0 0 0 0 0 0 0 0 0 0 0 0 0
"973" 0 0 0 0 0 0 0 0 0 0 0 0 0 0 0
"974" 1 1 1 1 1 1 1 1 1 1 0 0 0 0 0
"975" 0 0 0 0 0 0 0 0 0 0 0 0 0 0 0
"976" 0 0 0 0 0 0 0 0 0 0 0 0 0 0 0
"977" 1 1 1 1 1 1 1 1 1 1 1 1 1 1 1
"978" 1 1 1 1 1 1 1 1 1 1 1 1 1 1 1
"979" 1 1 1 1 1 1 1 1 1 1 1 1 1 1 1
"980" 1 1 1 1 1 1 1 1 1 1 1 0 0 0 0
"981" 1 1 1 1 1 1 1 0 0 0 0 0 0 0 0
"982" 1 1 1 1 1 1 1 1 1 1 1 1 0 0 0
"983" 0 0 0 0 0 0 0 0 0 0 0 0 0 0 0
"984" 1 1 1 1 1 1 1 0 0 0 0 0 0 0 0
"985" 1 1 1 1 1 0 0 0 0 0 0 0 0 0 0
"986" 1 1 1 1 1 1 1 1 0 0 0 0 0 0 0
"987" 0 0 0 0 0 0 0 0 0 0 0 0 0 0 0
"988" 0 0 0 0 0 0 0 0 0 0 0 0 0 0 0
"989" 0 0 0 0 0 0 0 0 0 0 0 0 0 0 0
"990" 0 0 0 0 0 0 0 0 0 0 0 0 0 0 0
"991" 0 0 0 0 0 0 0 0 0 0 0 0 0 0 0
"992" 0 0 0 0 0 0 0 0 0 0 0 0 0 0 0
"993" 1 1 1 1 1 1 1 1 1 1 1 1 1 1 1
"994" 1 1 1 1 1 1 1 1 1 1 1 1 1 1 1
"995" 1 1 1 1 1 1 0 0 0 0 0 0 0 0 0
"996" 1 1 1 1 1 1 1 1 1 1 1 1 1 0 0
"997" 0 0 0 0 0 0 0 0 0 0 0 0 0 0 0
"998" 0 0 0 0 0 0 0 0 0 0 0 0 0 0 0
"999" 1 1 1 1 1 0 0 0 0 0 0 0 0 0 0
"1000" 1 1 1 1 1 0 0 0 0 0 0 0 0 0 0
"1001" 1 1 1 1 1 1 1 0 0 0 0 0 0 0 0
"1002" 0 0 0 0 0 0 0 0 0 0 0 0 0 0 0
"1003" 1 1 1 1 1 0 0 0 0 0 0 0 0 0 0
"1004" 1 1 1 1 1 1 0 0 0 0 0 0 0 0 0
"1005" 1 1 1 1 1 1 1 1 0 0 0 0 0 0 0
"1006" 0 0 0 0 0 0 0 0 0 0 0 0 0 0 0
"1007" 0 0 0 0 0 0 0 0 0 0 0 0 0 0 0
"1008" 1 1 1 1 0 0 0 0 0 0 0 0 0 0 0
"1009" 1 1 1 1 1 1 1 1 1 1 1 1 1 0 0
"1010" 1 1 1 1 0 0 0 0 0 0 0 0 0 0 0
"1011" 0 0 0 0 0 0 0 0 0 0 0 0 0 0 0
"1012" 1 1 1 1 1 0 0 0 0 0 0 0 0 0 0
"1013" 1 1 1 1 1 1 1 1 1 0 0 0 0 0 0
"1014" 0 0 0 1 1 1 1 1 1 1 1 0 0 0 0
"1015" 0 0 0 0 0 0 0 0 0 0 0 0 0 0 0
"1016" 0 0 0 0 0 0 0 0 0 0 0 0 0 0 0
"1017" 0 0 0 0 0 0 0 0 0 0 0 0 0 0 0
"1018" 1 1 1 1 1 1 0 0 0 0 0 0 0 0 0
"1019" 1 1 1 1 1 1 0 0 0 0 0 0 0 0 0
"1020" 0 0 0 0 0 0 0 0 0 0 0 0 0 0 0
"1021" 0 0 0 0 0 0 0 0 0 0 0 0 0 0 0
"1022" 0 0 0 0 0 0 0 0 0 0 0 0 0 0 0
"1023" 0 0 0 0 0 0 0 0 0 0 0 0 0 0 0
"1024" 0 0 0 0 0 0 0 0 0 0 0 0 0 0 0
"1025" 1 1 1 1 1 1 1 0 0 0 0 0 0 0 0
"1026" 0 0 1 1 1 1 1 1 1 0 0 0 0 0 0
"1027" 1 1 1 1 1 1 0 0 0 0 0 0 0 0 0
"1028" 1 1 1 1 1 1 0 0 0 0 0 0 0 0 0
"1029" 1 1 1 1 0 0 0 0 0 0 0 0 0 0 0
"1030" 0 0 0 0 0 0 0 0 0 0 0 0 0 0 0
"1031" 0 0 0 0 0 0 0 0 0 0 0 0 0 0 0
"1032" 0 0 0 0 0 0 0 0 0 0 0 0 0 0 0
"1033" 0 0 0 0 0 0 0 0 0 0 0 0 0 0 0
"1034" 0 0 0 0 0 0 0 0 0 0 0 0 0 0 0
"1035" 0 0 0 0 0 0 0 0 0 0 0 0 0 0 0
"1036" 0 0 0 0 0 0 0 0 0 0 0 0 0 0 0
"1037" 0 0 0 0 0 0 0 0 0 0 0 0 0 0 0
"1038" 0 0 0 0 0 0 0 0 0 0 0 0 0 0 0
"1039" 0 0 0 0 0 0 0 0 0 0 0 0 0 0 0
"1040" 0 0 0 0 0 0 0 0 0 0 0 0 0 0 0
"1041" 1 1 1 1 1 1 1 1 1 1 1 1 1 0 0
"1042" 1 1 1 1 1 1 1 1 1 1 0 0 0 0 0
"1043" 1 1 1 1 1 1 0 0 0 0 0 0 0 0 0
"1044" 0 0 0 0 0 0 0 0 0 0 0 0 0 0 0
"1045" 0 0 0 0 0 0 0 0 0 0 0 0 0 0 0
"1046" 0 0 0 0 0 0 0 0 0 0 0 0 0 0 0
"1047" 0 0 0 0 0 0 0 0 0 0 0 0 0 0 0
"1048" 0 0 0 0 0 0 0 0 0 0 0 0 0 0 0
"1049" 0 0 0 0 0 0 0 0 0 0 0 0 0 0 0
"1050" 0 0 0 0 0 0 0 0 0 0 0 0 0 0 0
"1051" 0 0 0 0 0 0 0 0 0 0 0 0 0 0 0
"1052" 1 1 1 1 0 0 0 0 0 0 0 0 0 0 0
"1053" 0 0 0 0 0 0 0 0 0 0 0 0 0 0 0
"1054" 0 0 0 0 0 0 0 0 0 0 0 0 0 0 0
"1055" 0 0 0 0 0 0 0 0 0 0 0 0 0 0 0
"1056" 0 0 0 0 0 0 0 0 0 0 0 0 0 0 0
"1057" 0 1 1 1 1 1 1 1 1 1 1 1 0 0 0
"1058" 0 1 1 1 1 1 1 1 1 1 1 1 1 1 0
"1059" 1 1 1 1 1 1 1 1 1 1 1 1 1 1 0
"1060" 0 0 0 0 0 0 0 0 0 0 0 0 0 0 0
"1061" 0 1 1 1 1 0 0 0 0 0 0 0 0 0 0
"1062" 0 0 0 0 0 0 0 0 0 0 0 0 0 0 0
"1063" 1 1 1 1 1 1 1 1 1 1 0 0 0 0 0
"1064" 1 1 1 1 0 0 0 0 0 0 0 0 0 0 0
"1065" 0 0 0 0 0 0 0 0 0 0 0 0 0 0 0
"1066" 0 0 0 0 0 0 0 0 0 0 0 0 0 0 0
"1067" 0 0 0 0 0 0 0 0 0 0 0 0 0 0 0
"1068" 0 0 0 0 0 0 0 0 0 0 0 0 0 0 0
"1069" 0 0 0 0 0 0 0 0 0 0 0 0 0 0 0
"1070" 0 0 0 0 0 0 0 0 0 0 0 0 0 0 0
"1071" 0 0 0 0 0 0 0 0 0 0 0 0 0 0 0
"1072" 0 0 0 0 0 0 0 0 0 0 0 0 0 0 0
"1073" 1 1 1 1 1 1 1 1 1 1 1 1 1 1 0
"1074" 1 1 1 1 1 1 1 1 1 1 1 1 1 1 0
"1075" 1 1 1 1 1 1 1 1 1 1 1 1 1 1 0
"1076" 0 0 0 0 0 0 0 0 0 0 0 0 0 0 0
"1077" 1 1 1 1 1 1 1 1 1 1 1 1 1 1 1
"1078" 0 0 0 0 0 0 0 0 0 0 0 0 0 0 0
"1079" 0 1 1 1 1 1 1 1 1 0 0 0 0 0 0
"1080" 0 0 0 0 0 0 0 0 0 0 0 0 0 0 0
"1081" 0 0 0 0 0 0 0 0 0 0 0 0 0 0 0
"1082" 0 0 0 0 0 0 0 0 0 0 0 0 0 0 0
"1083" 1 1 1 1 1 1 1 0 0 0 0 0 0 0 0
"1084" 0 0 0 0 0 0 0 0 0 0 0 0 0 0 0
"1085" 0 0 0 0 0 0 0 0 0 0 0 0 0 0 0
"1086" 0 0 0 0 0 0 0 0 0 0 0 0 0 0 0
"1087" 0 0 0 0 0 0 0 0 0 0 0 0 0 0 0
"1088" 0 0 0 0 0 0 0 0 0 0 0 0 0 0 0
"1089" 1 1 1 1 1 1 1 1 1 1 1 1 1 1 1
"1090" 1 1 1 1 1 1 1 1 1 1 1 1 1 1 1
"1091" 1 1 1 1 1 1 1 1 1 1 1 1 1 0 0
"1092" 0 0 0 0 0 0 0 0 0 0 0 0 0 0 0
"1093" 1 1 1 1 1 1 1 1 1 1 1 1 1 1 1
"1094" 0 0 0 0 0 0 0 0 0 0 0 0 0 0 0
"1095" 1 1 1 1 0 0 0 0 0 0 0 0 0 0 0
"1096" 0 0 0 0 0 0 0 0 0 0 0 0 0 0 0
"1097" 0 0 0 0 0 0 0 0 0 0 0 0 0 0 0
"1098" 0 0 0 0 0 0 0 0 0 0 0 0 0 0 0
"1099" 0 0 0 0 0 0 0 0 0 0 0 0 0 0 0
"1100" 1 1 1 1 1 0 0 0 0 0 0 0 0 0 0
"1101" 0 0 0 0 0 0 0 0 0 0 0 0 0 0 0
"1102" 0 0 0 0 0 0 0 0 0 0 0 0 0 0 0
"1103" 0 0 0 0 0 0 0 0 0 0 0 0 0 0 0
"1104" 0 0 0 0 0 0 0 0 0 0 0 0 0 0 0
"1105" 1 1 1 1 1 1 1 1 0 0 0 0 0 0 0
"1106" 1 1 1 1 1 1 1 1 1 1 1 0 0 0 0
"1107" 1 1 1 1 1 1 1 1 1 1 0 0 0 0 0
"1108" 0 0 0 0 0 0 0 0 0 0 0 0 0 0 0
"1109" 1 1 1 1 1 0 0 0 0 0 0 0 0 0 0
"1110" 0 0 0 0 0 0 0 0 0 0 0 0 0 0 0
"1111" 0 0 0 0 0 0 0 0 0 0 0 0 0 0 0
"1112" 0 0 0 0 0 0 0 0 0 0 0 0 0 0 0
"1113" 0 0 0 0 0 0 0 0 0 0 0 0 0 0 0
"1114" 0 0 0 0 0 0 0 0 0 0 0 0 0 0 0
"1115" 0 0 0 0 0 0 0 0 0 0 0 0 0 0 0
"1116" 0 0 0 0 0 0 0 0 0 0 0 0 0 0 0
"1117" 0 0 0 0 0 0 0 0 0 0 0 0 0 0 0
"1118" 0 0 0 0 0 0 0 0 0 0 0 0 0 0 0
"1119" 0 0 0 0 0 0 0 0 0 0 0 0 0 0 0
"1120" 0 0 0 0 0 0 0 0 0 0 0 0 0 0 0
"1121" 1 1 1 1 1 1 1 1 1 1 1 1 1 1 0
"1122" 1 1 1 1 0 0 0 0 0 0 0 0 0 0 0
"1123" 1 1 1 1 1 1 0 0 0 0 0 0 0 0 0
"1124" 0 0 0 0 0 0 0 0 0 0 0 0 0 0 0
"1125" 1 1 1 1 1 1 1 1 1 0 0 0 0 0 0
"1126" 1 1 1 1 1 1 1 1 1 1 1 1 1 1 0
"1127" 0 0 0 0 0 0 0 0 0 0 0 0 0 0 0
"1128" 0 0 0 0 0 0 0 0 0 0 0 0 0 0 0
"1129" 0 1 1 1 1 1 0 0 0 0 0 0 0 0 0
"1130" 1 1 1 1 1 0 0 0 0 0 0 0 0 0 0
"1131" 0 0 0 0 0 0 0 0 0 0 0 0 0 0 0
"1132" 1 1 1 1 0 0 0 0 0 0 0 0 0 0 0
"1133" 1 1 1 1 1 0 0 0 0 0 0 0 0 0 0
"1134" 0 0 0 0 0 0 0 0 0 0 0 0 0 0 0
"1135" 0 0 0 0 0 0 0 0 0 0 0 0 0 0 0
"1136" 0 0 0 0 0 0 0 0 0 0 0 0 0 0 0
"1137" 1 1 1 1 1 1 1 1 1 0 0 0 0 0 0
"1138" 1 1 1 1 0 0 0 0 0 0 0 0 0 0 0
"1139" 0 0 0 0 0 0 0 0 0 0 0 0 0 0 0
"1140" 0 0 0 0 0 0 0 0 0 0 0 0 0 0 0
"1141" 0 0 0 0 1 1 1 1 1 1 1 0 0 0 0
"1142" 0 0 0 0 0 0 0 0 0 0 0 0 0 0 0
"1143" 0 0 1 1 1 1 1 1 1 1 0 0 0 0 0
"1144" 0 0 0 0 0 0 0 0 0 0 0 0 0 0 0
"1145" 0 0 0 0 0 0 0 0 0 0 0 0 0 0 0
"1146" 0 0 0 0 0 0 0 0 0 0 0 0 0 0 0
"1147" 0 0 0 0 0 0 0 0 0 0 0 0 0 0 0
"1148" 0 0 0 0 0 0 0 0 0 0 0 0 0 0 0
"1149" 0 0 0 0 0 0 0 0 0 0 0 0 0 0 0
"1150" 0 0 0 0 0 0 0 0 0 0 0 0 0 0 0
"1151" 0 0 0 0 0 0 0 0 0 0 0 0 0 0 0
"1152" 0 0 0 0 0 0 0 0 0 0 0 0 0 0 0
"1153" 1 1 1 1 1 1 1 1 1 1 1 1 1 1 1
"1154" 1 1 1 1 1 1 1 1 1 1 1 1 1 1 1
"1155" 1 1 1 1 1 1 1 1 1 1 1 1 1 1 1
"1156" 1 1 1 1 1 1 1 1 1 1 1 1 1 1 1
"1157" 1 1 1 1 1 1 1 1 1 1 1 0 0 0 0
"1158" 1 1 1 1 1 1 1 1 1 1 1 1 1 1 1
"1159" 1 1 1 1 1 1 1 1 0 0 0 0 0 0 0
"1160" 0 1 1 1 1 1 0 0 0 0 0 0 0 0 0
"1161" 1 1 1 1 1 1 0 0 0 0 0 0 0 0 0
"1162" 0 0 0 0 0 0 0 0 0 0 0 0 0 0 0
"1163" 1 1 1 1 0 0 0 0 0 0 0 0 0 0 0
"1164" 0 0 0 0 0 0 0 0 0 0 0 0 0 0 0
"1165" 1 1 1 1 0 0 0 0 0 0 0 0 0 0 0
"1166" 1 1 1 1 1 1 1 1 1 1 1 1 1 1 0
"1167" 0 0 0 0 0 0 0 0 0 0 0 0 0 0 0
"1168" 1 1 1 1 1 1 1 1 1 1 0 0 0 0 0
